user counter :  2
Files already downloaded and verified
Files already downloaded and verified
=============== data setup =================================
length of dataset:60000
num. of training data:50000
num. of testing data:10000
num. of classes:10
num. of users:2
arg.num_users:2
./log/cifar/fedavg/cnn/round_10_tau_10_frac_1.0
9000 1000
len(dict_user):  2
m =  2
In Round Loop: selected_idxs:  [1, 0]
1
new_model:  OrderedDict([('conv1.weight', tensor([[[[ 0.0077, -0.0296,  0.0409],
          [-0.0375,  0.1039,  0.0389],
          [-0.0214, -0.1430,  0.0353]],

         [[-0.2050,  0.0474,  0.0048],
          [-0.0693,  0.1841,  0.0079],
          [ 0.0787,  0.0938, -0.1240]],

         [[-0.1067,  0.2024, -0.1990],
          [-0.0394,  0.0047,  0.1253],
          [-0.0234,  0.0535, -0.0283]]],


        [[[-0.1693, -0.1652, -0.1822],
          [-0.2278, -0.1897, -0.0469],
          [ 0.2171,  0.0720, -0.0191]],

         [[ 0.0679, -0.0830, -0.0965],
          [-0.1200, -0.0852, -0.2409],
          [ 0.1915,  0.1584,  0.1223]],

         [[ 0.0840,  0.0748, -0.0388],
          [ 0.0135, -0.0069,  0.0492],
          [ 0.2229,  0.2030,  0.1831]]],


        [[[-0.0809, -0.0376, -0.0813],
          [ 0.0885, -0.0406,  0.1413],
          [ 0.0804, -0.2316,  0.0560]],

         [[ 0.1735,  0.1635, -0.0229],
          [ 0.0784, -0.2047, -0.0584],
          [ 0.1154, -0.2068,  0.2045]],

         [[-0.1299,  0.0638, -0.0175],
          [ 0.0561,  0.0065, -0.1646],
          [-0.0181, -0.1480,  0.2032]]],


        ...,


        [[[-0.0250, -0.1600,  0.0125],
          [-0.0671,  0.0739, -0.1115],
          [-0.0918,  0.0310, -0.1593]],

         [[-0.1265, -0.1295,  0.1413],
          [-0.1665,  0.2135,  0.1799],
          [-0.0251, -0.0604,  0.0353]],

         [[ 0.0588,  0.0145, -0.0027],
          [-0.0477,  0.1636,  0.1081],
          [-0.0375, -0.1762, -0.1710]]],


        [[[ 0.1187,  0.0164, -0.0094],
          [ 0.0060,  0.0540, -0.0321],
          [-0.0200, -0.0006,  0.1152]],

         [[-0.0347,  0.1181,  0.0281],
          [ 0.1001, -0.1287,  0.1220],
          [ 0.0765,  0.0604, -0.1707]],

         [[ 0.1750,  0.0487,  0.0574],
          [ 0.2118, -0.1123, -0.0915],
          [-0.1314,  0.1756,  0.0719]]],


        [[[-0.0998,  0.0796,  0.2172],
          [ 0.1123,  0.1483,  0.1269],
          [-0.1452, -0.1431,  0.0295]],

         [[ 0.0196,  0.0321, -0.1988],
          [-0.0780, -0.0358,  0.0686],
          [-0.1654, -0.2019, -0.0955]],

         [[-0.0159, -0.1015, -0.0480],
          [ 0.0728,  0.0271, -0.1319],
          [-0.0394, -0.0353, -0.1651]]]])), ('conv1.bias', tensor([ 0.0033, -0.0595, -0.0346, -0.0619,  0.0270,  0.2108, -0.0286,  0.1819,
         0.1010,  0.1605, -0.0932,  0.0084, -0.1180,  0.0563, -0.0383,  0.0397,
         0.0828, -0.1690,  0.2383, -0.0222,  0.0599,  0.0721, -0.1717, -0.1951,
        -0.1603,  0.1687,  0.0020,  0.0820, -0.0383,  0.1606, -0.1499, -0.0486,
         0.2037, -0.0213, -0.0866,  0.0309, -0.1285, -0.0698, -0.1723,  0.1570,
        -0.0991, -0.1066, -0.1251, -0.0382,  0.0397, -0.1467, -0.0158,  0.1409,
        -0.0846,  0.0642, -0.0435, -0.0684,  0.0476,  0.0351, -0.2042, -0.0324,
        -0.0349, -0.1612, -0.1552, -0.1248, -0.1499, -0.0825, -0.0216,  0.1377])), ('conv2.weight', tensor([[[[ 0.0370, -0.0132,  0.0341],
          [ 0.0070,  0.0026, -0.0237],
          [-0.0055, -0.0321,  0.0299]],

         [[-0.0275,  0.0274,  0.0141],
          [ 0.0268, -0.0161,  0.0394],
          [ 0.0094,  0.0342, -0.0344]],

         [[-0.0122, -0.0163, -0.0255],
          [-0.0057, -0.0235, -0.0205],
          [-0.0115, -0.0188,  0.0188]],

         ...,

         [[ 0.0167, -0.0397,  0.0167],
          [ 0.0094,  0.0100, -0.0395],
          [-0.0064, -0.0003,  0.0072]],

         [[ 0.0416,  0.0234, -0.0025],
          [ 0.0308,  0.0386, -0.0218],
          [ 0.0327, -0.0163,  0.0296]],

         [[-0.0321,  0.0283, -0.0189],
          [ 0.0226,  0.0302, -0.0199],
          [-0.0100,  0.0403, -0.0204]]],


        [[[ 0.0264,  0.0049,  0.0113],
          [-0.0069, -0.0168,  0.0171],
          [ 0.0090,  0.0105, -0.0370]],

         [[ 0.0344, -0.0168,  0.0289],
          [ 0.0257,  0.0249,  0.0089],
          [-0.0039, -0.0298, -0.0285]],

         [[-0.0047,  0.0098, -0.0384],
          [ 0.0403, -0.0364, -0.0181],
          [-0.0230,  0.0363,  0.0085]],

         ...,

         [[-0.0106, -0.0203, -0.0142],
          [-0.0049,  0.0179,  0.0154],
          [ 0.0323,  0.0159, -0.0249]],

         [[ 0.0390,  0.0280, -0.0147],
          [-0.0166,  0.0161, -0.0127],
          [ 0.0119, -0.0136, -0.0205]],

         [[-0.0268, -0.0374, -0.0242],
          [ 0.0189,  0.0096, -0.0061],
          [-0.0121,  0.0257,  0.0313]]],


        [[[-0.0063, -0.0227, -0.0020],
          [-0.0106, -0.0330,  0.0260],
          [-0.0319, -0.0037,  0.0019]],

         [[ 0.0050,  0.0279,  0.0269],
          [ 0.0044, -0.0041, -0.0372],
          [-0.0293, -0.0080,  0.0168]],

         [[ 0.0038, -0.0327,  0.0188],
          [-0.0004,  0.0293,  0.0165],
          [ 0.0235, -0.0021,  0.0440]],

         ...,

         [[ 0.0326, -0.0128, -0.0333],
          [-0.0292,  0.0281, -0.0210],
          [ 0.0005, -0.0311,  0.0413]],

         [[-0.0011, -0.0084, -0.0306],
          [-0.0234, -0.0332,  0.0177],
          [-0.0122,  0.0410, -0.0125]],

         [[ 0.0387, -0.0056, -0.0279],
          [-0.0478,  0.0173,  0.0227],
          [-0.0019, -0.0017,  0.0134]]],


        ...,


        [[[-0.0017, -0.0351, -0.0152],
          [-0.0002,  0.0033,  0.0342],
          [ 0.0006,  0.0166,  0.0293]],

         [[-0.0342,  0.0294, -0.0308],
          [-0.0043,  0.0342, -0.0005],
          [-0.0256, -0.0386, -0.0205]],

         [[ 0.0351,  0.0144, -0.0288],
          [-0.0038,  0.0400, -0.0219],
          [-0.0276, -0.0023,  0.0162]],

         ...,

         [[-0.0206, -0.0195,  0.0161],
          [-0.0374, -0.0120, -0.0127],
          [-0.0131,  0.0380, -0.0251]],

         [[ 0.0282,  0.0112, -0.0054],
          [-0.0012, -0.0314, -0.0096],
          [-0.0341,  0.0398,  0.0231]],

         [[ 0.0010,  0.0205, -0.0011],
          [-0.0273, -0.0384, -0.0191],
          [ 0.0118,  0.0167,  0.0233]]],


        [[[ 0.0329, -0.0018, -0.0048],
          [ 0.0355, -0.0149,  0.0241],
          [ 0.0384,  0.0143, -0.0095]],

         [[ 0.0259,  0.0382, -0.0060],
          [-0.0170, -0.0395, -0.0013],
          [-0.0391, -0.0017,  0.0338]],

         [[ 0.0430,  0.0066, -0.0029],
          [ 0.0280,  0.0288,  0.0239],
          [ 0.0327,  0.0129,  0.0497]],

         ...,

         [[ 0.0329,  0.0427, -0.0129],
          [-0.0332,  0.0019, -0.0113],
          [ 0.0050,  0.0191,  0.0452]],

         [[ 0.0307,  0.0305, -0.0473],
          [ 0.0122, -0.0330,  0.0197],
          [-0.0242, -0.0146,  0.0235]],

         [[-0.0135, -0.0222, -0.0442],
          [ 0.0038,  0.0143, -0.0245],
          [-0.0182, -0.0443,  0.0203]]],


        [[[-0.0244,  0.0418, -0.0125],
          [ 0.0274,  0.0460,  0.0153],
          [ 0.0193, -0.0109,  0.0247]],

         [[-0.0289, -0.0461,  0.0005],
          [-0.0427,  0.0036, -0.0187],
          [-0.0474,  0.0018,  0.0019]],

         [[-0.0041,  0.0265,  0.0041],
          [ 0.0029, -0.0050,  0.0274],
          [ 0.0380,  0.0319, -0.0198]],

         ...,

         [[-0.0301, -0.0027, -0.0358],
          [-0.0160,  0.0462, -0.0326],
          [-0.0203, -0.0119, -0.0388]],

         [[ 0.0395, -0.0347,  0.0374],
          [ 0.0017, -0.0156,  0.0182],
          [-0.0089, -0.0252, -0.0139]],

         [[ 0.0361, -0.0134, -0.0232],
          [-0.0002, -0.0337,  0.0161],
          [ 0.0098, -0.0307,  0.0282]]]])), ('conv2.bias', tensor([-1.9283e-02,  1.2259e-02, -3.1838e-02,  1.4503e-02,  2.0943e-02,
         3.8863e-02,  3.5928e-02, -3.4684e-02,  1.6721e-02,  1.2213e-01,
        -2.6574e-02, -3.2696e-03,  7.1279e-02,  6.5699e-02, -3.4641e-02,
        -5.5571e-02,  1.2586e-02,  2.3497e-02,  3.7971e-02, -6.0614e-03,
         7.0650e-03,  1.6139e-03,  4.6346e-02, -6.8222e-02, -3.0713e-02,
        -6.7822e-02, -2.8419e-02,  1.1366e-02, -1.0990e-02, -3.3226e-02,
        -3.6975e-02, -4.2379e-02,  1.6647e-02, -2.4632e-02, -2.4416e-02,
         2.4790e-02, -2.0118e-02,  4.8520e-02,  4.9438e-02, -4.6793e-02,
         3.7895e-02,  3.9893e-02, -2.1949e-03, -1.0331e-02,  1.3076e-02,
        -3.5924e-02, -1.0610e-02,  4.4960e-02, -1.9269e-02, -1.9380e-02,
         8.7441e-02, -2.8894e-02,  5.0818e-02, -4.1748e-03,  2.9518e-02,
        -7.6591e-03,  5.2775e-02, -3.7954e-02,  1.7576e-02, -3.9884e-02,
         9.1117e-03,  2.2817e-04, -4.3452e-03,  8.3665e-03, -5.6126e-02,
         9.2510e-02,  4.3030e-02,  4.6443e-03,  4.9822e-02,  3.6298e-02,
         1.4082e-02,  7.7588e-02, -6.8248e-02,  2.3525e-02,  8.7019e-03,
         4.2389e-03, -7.3779e-02,  8.8849e-03,  8.6097e-03, -9.0289e-03,
         4.1376e-02, -1.3096e-02, -1.7761e-02,  5.5723e-02, -8.7902e-02,
         1.7942e-02,  2.7009e-02,  1.7707e-02, -8.5321e-02,  6.7883e-02,
        -9.7526e-05,  1.3764e-02, -4.7518e-02, -6.3259e-02, -5.2084e-02,
        -1.0510e-02, -2.4858e-02, -8.9250e-03, -2.8380e-02, -3.2754e-03,
        -8.8190e-03,  3.3987e-02, -5.8463e-02,  8.9875e-03,  5.3135e-02,
        -5.4838e-02,  4.6111e-02, -1.2566e-02,  4.1878e-03,  4.6846e-03,
        -1.4355e-02,  4.7644e-03, -5.6220e-02,  1.8136e-03,  2.3467e-02,
        -1.5626e-02,  3.1568e-03, -4.0698e-02, -1.9488e-02,  2.9376e-02,
         3.0646e-02,  2.2485e-02, -6.2664e-03,  7.0862e-03, -1.5402e-02,
        -2.2885e-03,  8.3630e-04, -6.6316e-03])), ('conv3.weight', tensor([[[[-1.7844e-02, -1.5441e-02,  1.6512e-02],
          [-1.2335e-02, -1.5238e-02, -1.2894e-02],
          [ 9.1034e-03,  1.5177e-02, -9.2180e-03]],

         [[ 5.0107e-03,  2.0226e-02,  2.6828e-03],
          [-2.8872e-02, -1.5093e-03,  1.0951e-02],
          [ 1.6398e-02, -2.4999e-02, -1.8175e-02]],

         [[-1.1922e-02, -1.0291e-02,  1.7587e-02],
          [ 6.6736e-03, -2.0035e-02, -8.3947e-03],
          [ 2.2428e-02, -2.4970e-02, -4.6222e-03]],

         ...,

         [[-3.0455e-03,  3.0247e-02, -1.5341e-02],
          [ 6.1975e-03, -2.3230e-02,  4.9126e-03],
          [-1.2597e-02,  1.6327e-02, -6.4740e-03]],

         [[-1.0846e-02,  6.3520e-03,  2.1166e-02],
          [-9.8903e-03,  9.6624e-03,  1.7166e-02],
          [ 2.7339e-02,  1.7242e-02,  2.6110e-02]],

         [[-2.4242e-02, -2.4955e-02, -6.3214e-03],
          [-1.8404e-02,  3.8393e-03,  1.7360e-02],
          [ 4.1503e-03, -1.3618e-02,  2.7255e-02]]],


        [[[-4.0283e-03,  1.6818e-02,  2.8258e-02],
          [-1.7972e-02,  1.8851e-02,  9.5912e-03],
          [ 1.6780e-02,  3.6266e-02, -1.9691e-02]],

         [[-1.7947e-02,  3.8182e-03,  6.7153e-03],
          [-1.8166e-02, -9.4370e-03,  1.4817e-02],
          [-1.7971e-02,  1.8936e-02, -1.3989e-02]],

         [[-9.4824e-03, -2.4582e-02, -2.2547e-04],
          [-2.1887e-02,  1.2548e-02, -2.6799e-02],
          [ 1.8858e-02, -1.2407e-02, -1.0585e-02]],

         ...,

         [[ 1.5984e-03, -1.7579e-02, -2.7071e-02],
          [ 1.0065e-03, -2.1224e-02,  2.6875e-04],
          [ 2.2826e-02, -1.2947e-02, -1.2430e-02]],

         [[ 1.2899e-02,  1.4972e-03,  2.9888e-02],
          [-1.5650e-02,  1.2752e-03, -2.0897e-02],
          [-2.9909e-02, -1.1233e-02, -2.2681e-02]],

         [[ 3.0639e-02,  2.2664e-03, -2.4391e-02],
          [-1.1624e-02,  8.8360e-03, -3.0688e-02],
          [-4.9864e-02, -3.7782e-02,  3.0898e-03]]],


        [[[ 2.3769e-02, -3.1701e-03,  2.7985e-02],
          [ 6.4603e-03, -2.0328e-02,  1.7963e-02],
          [ 2.8968e-02,  2.4051e-02, -1.8815e-04]],

         [[ 1.8255e-02,  7.8539e-03,  1.7337e-02],
          [-7.7716e-03, -1.8299e-02, -2.2820e-02],
          [-1.9901e-02, -1.2277e-03, -7.4249e-03]],

         [[ 6.7694e-03, -9.1631e-03,  1.6728e-02],
          [-1.0852e-03,  1.0701e-02, -9.2845e-04],
          [ 2.5523e-02, -2.6704e-02,  1.7598e-02]],

         ...,

         [[ 2.7634e-02,  1.2382e-02,  2.7562e-02],
          [-2.6706e-02,  9.6188e-03,  1.1533e-02],
          [ 6.5298e-03, -1.0831e-02,  2.0866e-02]],

         [[-7.1086e-03, -1.2191e-03, -2.9451e-02],
          [ 5.2628e-04,  6.0416e-03, -6.3774e-03],
          [ 2.7850e-02, -6.3023e-03,  2.3412e-02]],

         [[ 9.2161e-03,  7.7773e-03,  8.0593e-03],
          [ 1.9362e-02,  1.5267e-02, -2.5044e-03],
          [ 3.7435e-03,  2.6743e-02, -2.2422e-02]]],


        ...,


        [[[-1.4265e-02,  2.7273e-02,  4.1142e-03],
          [-1.8245e-03,  2.6751e-02, -5.8547e-03],
          [-3.8641e-02, -2.9310e-02, -1.2430e-02]],

         [[ 1.7044e-02,  2.5785e-02,  6.8976e-03],
          [-2.6507e-02,  1.0931e-02,  1.3181e-02],
          [-1.1485e-02,  2.4932e-02, -8.7738e-03]],

         [[ 3.0365e-03, -1.4708e-02, -5.7961e-03],
          [ 2.5243e-02,  1.3434e-02,  2.7145e-03],
          [-2.1931e-02,  3.2922e-02,  3.4668e-02]],

         ...,

         [[-6.6006e-03,  9.3871e-03,  7.9150e-04],
          [-1.5576e-02, -2.7353e-02, -1.7414e-02],
          [ 3.7016e-04,  3.6227e-03, -1.0821e-02]],

         [[ 2.5287e-02, -2.8881e-02, -1.5702e-02],
          [-2.5504e-02, -8.0478e-03, -2.5039e-02],
          [-2.0523e-02,  1.7216e-02, -6.6247e-03]],

         [[-2.0296e-02,  1.7380e-02,  2.9036e-02],
          [ 3.7551e-04, -1.8496e-02,  4.4653e-03],
          [ 1.6811e-02,  7.4059e-04, -1.8550e-02]]],


        [[[-1.2286e-02, -4.1047e-03,  1.0565e-02],
          [ 1.9238e-02,  1.1549e-02, -7.0960e-03],
          [ 1.0908e-03,  2.8809e-02, -2.7022e-02]],

         [[ 1.1282e-02,  1.1725e-02, -2.3903e-02],
          [-8.1299e-03, -1.2699e-02, -2.3260e-02],
          [-2.2895e-02,  1.2983e-03,  2.2819e-02]],

         [[-2.1689e-02, -2.3790e-02,  1.0065e-02],
          [ 1.3463e-02, -2.7907e-02,  1.2015e-03],
          [-3.0942e-03, -2.3822e-02,  1.3426e-03]],

         ...,

         [[-1.5622e-02, -1.2376e-02, -2.2834e-02],
          [ 2.4034e-02, -1.1103e-02,  2.1730e-02],
          [-2.6066e-02,  7.2237e-03,  3.8672e-03]],

         [[ 1.9108e-03,  2.6998e-02,  9.2377e-03],
          [ 1.6006e-02,  2.5831e-02, -2.9693e-03],
          [-2.3262e-02, -1.2900e-02, -5.0013e-04]],

         [[-8.6941e-05, -3.9340e-03,  2.7603e-02],
          [-2.1465e-02, -1.2668e-02, -2.6465e-02],
          [ 5.8559e-03,  2.0681e-02, -2.9122e-02]]],


        [[[ 1.5865e-02,  1.4045e-02, -8.3929e-03],
          [-2.0566e-02,  1.3141e-02, -2.2471e-02],
          [ 1.3084e-02, -2.3935e-02,  1.0584e-03]],

         [[-2.3152e-02,  3.0787e-03,  7.2369e-03],
          [ 1.5471e-02,  5.5991e-03, -9.4372e-03],
          [ 1.6233e-02,  9.4846e-03,  2.9583e-02]],

         [[-1.7501e-02, -2.7913e-02,  8.5145e-03],
          [ 1.7897e-02,  2.8181e-02,  1.1798e-02],
          [-1.8386e-02, -2.7472e-03, -1.2849e-02]],

         ...,

         [[-2.3800e-02, -2.7219e-02, -1.0665e-02],
          [-8.2920e-04, -1.7518e-02,  1.4955e-02],
          [ 1.1278e-03, -9.3228e-03,  1.0255e-02]],

         [[ 9.7922e-03,  2.1425e-02, -1.4774e-02],
          [-7.1038e-03, -1.8162e-02,  1.3758e-03],
          [ 2.3022e-02,  2.6153e-02,  4.3086e-03]],

         [[ 8.0967e-03,  1.9607e-02, -2.4039e-02],
          [ 1.7872e-02,  3.1452e-02, -1.9773e-02],
          [ 1.4293e-02,  2.1191e-03, -1.5028e-02]]]])), ('conv3.bias', tensor([ 2.1116e-02,  2.8314e-02, -3.1753e-02, -4.6061e-02,  2.2083e-02,
         6.6833e-03, -4.9347e-02, -1.0224e-02, -2.7715e-02, -1.3112e-02,
        -5.9771e-03,  2.6792e-02, -1.7557e-02,  2.9970e-02, -1.1827e-02,
        -2.9940e-02,  1.8987e-02,  8.0539e-03,  3.9176e-02, -1.7161e-03,
         3.6924e-02, -2.7581e-02, -3.0891e-02,  1.3679e-02,  1.0084e-02,
        -2.0551e-03,  1.1909e-03, -3.7903e-02, -2.1237e-02,  3.4047e-02,
         3.4841e-02, -1.3440e-02,  7.2412e-04, -1.6531e-02, -4.1683e-02,
         8.5209e-04, -5.7106e-03,  4.5162e-02, -6.7384e-03,  1.0478e-02,
        -2.7024e-02, -9.7972e-03,  2.4108e-02, -4.8591e-03,  3.1657e-02,
        -8.1842e-04, -2.1780e-02,  2.9473e-02, -3.6203e-02,  5.6965e-03,
         3.7797e-02,  3.7833e-02,  4.0315e-02, -1.4349e-02, -1.1794e-02,
        -1.7364e-02, -1.3461e-02,  3.1835e-02,  3.2372e-03, -7.7409e-04,
        -5.3647e-03, -6.1204e-03,  1.6436e-02, -4.2621e-03, -1.0823e-02,
        -1.1557e-02, -5.3191e-03, -1.9923e-02, -1.6941e-02, -1.4158e-02,
         2.9021e-02,  4.6414e-02,  8.7559e-03,  2.8627e-02,  5.0930e-03,
        -3.0512e-02, -1.7278e-02,  2.4223e-03,  6.6334e-03,  1.3224e-02,
        -1.7527e-02, -2.4545e-02,  4.9106e-02,  3.4887e-03, -8.5719e-03,
        -1.6762e-02,  1.3676e-03,  1.4167e-02, -3.9190e-02, -2.9804e-02,
        -2.1459e-02,  4.1522e-02,  3.4340e-02,  4.1927e-02, -3.0109e-02,
        -1.4791e-02,  1.4863e-02,  3.4252e-03, -1.0272e-02,  4.7282e-02,
        -2.6440e-02,  1.2728e-02,  1.1884e-02, -6.2097e-03,  1.3434e-02,
        -1.5533e-02,  1.6725e-02,  1.0246e-02,  1.2606e-02,  8.2909e-04,
        -2.1616e-03,  1.7591e-03,  1.8783e-02, -2.6682e-02,  1.3861e-02,
         3.9754e-03, -3.8063e-02, -6.5037e-03, -4.2214e-02,  4.3098e-02,
        -5.0515e-02,  7.8686e-03,  3.5947e-02, -9.9309e-03,  3.2699e-02,
        -1.1053e-02,  5.1330e-02, -1.5554e-02,  3.4887e-02, -4.7324e-03,
         3.9272e-02,  2.4686e-02,  2.8749e-03, -8.7777e-03,  2.6354e-02,
        -4.6626e-02, -2.4798e-02,  5.4222e-03,  1.5218e-02,  2.0626e-02,
        -1.2294e-02,  2.4094e-02, -3.1455e-02, -3.8574e-02, -8.2330e-03,
        -3.1599e-03,  2.7800e-02,  1.2454e-02,  1.5002e-02,  2.7060e-02,
        -3.2808e-02, -1.5729e-02,  3.2623e-02, -5.7210e-03, -1.5631e-02,
        -2.5617e-02,  2.1281e-02,  2.4389e-02, -2.1709e-02, -7.5482e-03,
        -2.8121e-02,  4.5727e-02, -4.3547e-03, -2.8028e-02, -1.8656e-02,
        -6.9988e-03,  2.3648e-02,  1.5890e-02,  4.1902e-02,  5.2986e-03,
        -3.2415e-02, -3.6359e-02,  1.9615e-02,  5.2313e-02,  2.9279e-02,
        -3.1395e-03,  2.9722e-02, -2.7189e-02,  2.8942e-02,  2.8684e-02,
         3.8353e-02, -4.1420e-02, -1.5146e-02,  2.0937e-02, -1.6088e-02,
        -1.2642e-02, -8.3321e-03,  1.1027e-02,  1.5160e-02,  2.3743e-02,
         3.1765e-02, -2.1591e-02,  3.1848e-03,  4.1285e-02,  1.2516e-02,
        -3.5379e-02, -2.3916e-02, -3.7424e-02,  2.1681e-02, -2.0028e-02,
         4.5111e-02,  1.7388e-02,  9.9562e-03,  2.8840e-02, -3.5050e-02,
         3.9798e-02, -2.4161e-02,  1.7284e-02,  2.3086e-02,  1.3137e-02,
         7.9383e-05, -2.5929e-02,  1.9194e-02, -1.2403e-02, -2.2094e-03,
         9.9634e-03, -7.2393e-03,  2.2216e-02,  7.9883e-03,  2.1887e-02,
        -2.9230e-02,  3.8717e-02,  2.9980e-02, -1.2368e-02,  1.1732e-02,
        -3.5255e-02, -7.8600e-03, -9.6452e-03,  1.2308e-02,  1.8656e-02,
        -6.9067e-03, -6.6302e-03,  4.3562e-02, -2.9530e-03, -1.4592e-02,
         3.4128e-03,  8.4359e-03,  2.8517e-02, -2.3673e-03,  3.1495e-02,
         3.2480e-02,  3.0580e-03, -3.5826e-02, -2.6020e-02,  2.9719e-03,
        -4.2772e-04,  1.4858e-02,  1.7465e-02,  4.2486e-02,  8.2219e-04,
         2.7315e-02, -2.1591e-02,  1.0577e-02, -2.4151e-02, -4.2961e-03,
         3.7366e-02])), ('fc1.weight', tensor([[-0.0113,  0.0268,  0.0332,  ..., -0.0064,  0.0200,  0.0330],
        [ 0.0266,  0.0032, -0.0309,  ...,  0.0005, -0.0145,  0.0211],
        [ 0.0264,  0.0262,  0.0068,  ..., -0.0033, -0.0075, -0.0253],
        ...,
        [ 0.0305, -0.0193,  0.0044,  ..., -0.0071,  0.0160,  0.0142],
        [-0.0042, -0.0113, -0.0083,  ...,  0.0249, -0.0181, -0.0164],
        [-0.0177, -0.0112, -0.0150,  ..., -0.0269,  0.0096, -0.0164]])), ('fc1.bias', tensor([ 0.0271,  0.0098,  0.0285, -0.0235,  0.0057,  0.0268,  0.0552, -0.0369,
        -0.0060, -0.0149,  0.0251, -0.0150, -0.0431, -0.0011, -0.0420,  0.0166,
         0.0122, -0.0315,  0.0314, -0.0199, -0.0427,  0.0570,  0.0260,  0.0627,
        -0.0186, -0.0172, -0.0076, -0.0002, -0.0399,  0.0288, -0.0072,  0.0405,
         0.0086, -0.0118, -0.0001,  0.0486, -0.0318,  0.0138, -0.0422, -0.0019,
         0.0010, -0.0267,  0.0575,  0.0536,  0.0133,  0.0016, -0.0118, -0.0130,
        -0.0101,  0.0421,  0.0133, -0.0014, -0.0004,  0.0114, -0.0160, -0.0087,
        -0.0094, -0.0070,  0.0011,  0.0034, -0.0260, -0.0057,  0.0175, -0.0295,
         0.0260, -0.0110, -0.0412, -0.0167,  0.0151,  0.0572, -0.0032,  0.0076,
        -0.0099,  0.0301,  0.0271, -0.0350,  0.0571, -0.0049,  0.0555, -0.0598,
         0.0175, -0.0172, -0.0241,  0.0512,  0.0010,  0.0414, -0.0338, -0.0384,
        -0.0152,  0.0266,  0.0316, -0.0319,  0.0161, -0.0178, -0.0181, -0.0202,
         0.0417,  0.0227, -0.0004, -0.0030,  0.0284, -0.0125, -0.0324, -0.0171,
         0.0076,  0.0283,  0.0129, -0.0044, -0.0288, -0.0096,  0.0051,  0.0275,
         0.0831,  0.0481,  0.0196,  0.0177,  0.0395, -0.0360,  0.0297,  0.0203,
         0.0087,  0.0092,  0.0390, -0.0028,  0.0283,  0.0365,  0.0349,  0.0179])), ('fc2.weight', tensor([[-0.0493,  0.0670,  0.0308,  ...,  0.0397,  0.0225,  0.0072],
        [-0.0339, -0.0655,  0.0052,  ...,  0.0027, -0.0608,  0.0576],
        [ 0.0113, -0.0284, -0.0718,  ...,  0.0828,  0.0572,  0.0754],
        ...,
        [-0.0077, -0.0006, -0.0661,  ...,  0.0870,  0.0333,  0.0713],
        [-0.0406,  0.0589, -0.0362,  ..., -0.0602,  0.0269,  0.0103],
        [ 0.0386, -0.0600,  0.0531,  ..., -0.0770,  0.0481, -0.0697]])), ('fc2.bias', tensor([ 0.0255,  0.1049,  0.0957,  0.0097, -0.0472, -0.0316,  0.0636, -0.0474,
         0.0500,  0.0946,  0.0751, -0.0544, -0.0081, -0.0211,  0.0629,  0.0824,
         0.0605,  0.1286, -0.0500,  0.1156,  0.0847,  0.0750,  0.0492,  0.0690,
        -0.0700,  0.0693, -0.0235,  0.0361,  0.0792,  0.0339,  0.0374, -0.0868,
        -0.1086, -0.0789,  0.0670, -0.0449,  0.0957,  0.0301, -0.0031, -0.0094,
         0.0472, -0.0530, -0.0858,  0.0876,  0.0084,  0.0168,  0.0133, -0.0246,
         0.1036, -0.0237, -0.0631, -0.0357, -0.0583,  0.0233,  0.0164,  0.0846,
        -0.0245,  0.0504, -0.0090,  0.1020, -0.0691,  0.0765,  0.0524,  0.0930,
        -0.0561,  0.0637,  0.1206,  0.0080, -0.0758, -0.0866,  0.0061,  0.0668,
         0.0826, -0.0286, -0.0438, -0.0423, -0.0104,  0.1004, -0.0580, -0.0008,
        -0.0385, -0.0280,  0.1247,  0.0298, -0.0360, -0.0582, -0.0189, -0.0804,
        -0.0438,  0.0014, -0.0424, -0.0730,  0.0799, -0.0042,  0.0293, -0.0873,
        -0.0881, -0.0028,  0.0818,  0.0446,  0.0666, -0.0496, -0.0437, -0.0851,
         0.0149,  0.0127, -0.0089, -0.0138,  0.1241,  0.0040,  0.0250, -0.0587,
         0.0178, -0.0575,  0.0688, -0.0616,  0.0415,  0.0069,  0.0377,  0.0566,
         0.0608,  0.0641, -0.0570, -0.0852,  0.0247,  0.0514, -0.0174, -0.0425,
        -0.0046,  0.0141,  0.0187,  0.0772, -0.0236,  0.1346, -0.0367,  0.0293,
         0.0781, -0.0241, -0.0078, -0.0463, -0.0289, -0.0701,  0.0812, -0.0102,
         0.0464, -0.0612, -0.0174,  0.0631, -0.0020, -0.0849, -0.0482, -0.0683,
         0.0623,  0.0639, -0.0263,  0.1226,  0.0341,  0.0678, -0.1123, -0.0921,
         0.0253,  0.0280, -0.0562,  0.0817, -0.0868, -0.0684, -0.0686,  0.0283,
         0.0988, -0.0384, -0.0748, -0.0201,  0.0851, -0.0294, -0.0804, -0.0371,
         0.0781, -0.0229, -0.0613,  0.0926,  0.0794, -0.0859, -0.0591, -0.0620,
         0.1262, -0.0156, -0.0299,  0.0645, -0.0132,  0.1038,  0.0623, -0.0138,
         0.1074,  0.0317, -0.0022, -0.0758,  0.0574,  0.0093, -0.0313, -0.0425,
        -0.0274, -0.0760, -0.0567, -0.0294,  0.0542, -0.0820, -0.0520,  0.1084,
         0.0139,  0.0061, -0.0453,  0.0969, -0.0439,  0.0801, -0.0317, -0.0118,
         0.0520, -0.0448, -0.0250, -0.0424, -0.0938, -0.0292,  0.0499,  0.1054,
        -0.0150, -0.0864, -0.0651,  0.0522,  0.0771,  0.0595, -0.0808, -0.0462,
        -0.0038, -0.0641, -0.0749,  0.0462,  0.0396,  0.0627, -0.0871,  0.1168,
        -0.0876,  0.0489,  0.0956,  0.0069, -0.0729,  0.0820, -0.0889,  0.0266,
         0.0429, -0.0825,  0.1148, -0.0443,  0.0652, -0.0600, -0.0116,  0.1033])), ('fc3.weight', tensor([[-0.1117, -0.0869,  0.0836,  ..., -0.0488,  0.0513, -0.0897],
        [ 0.0916, -0.1659, -0.1029,  ...,  0.0523, -0.0256, -0.0036],
        [ 0.0206,  0.0629,  0.0937,  ..., -0.0466,  0.0047, -0.0194],
        ...,
        [-0.0950,  0.0861,  0.0462,  ..., -0.0565,  0.0408, -0.0231],
        [-0.0254, -0.0293,  0.0025,  ..., -0.0287,  0.0008, -0.0302],
        [ 0.0312, -0.0779, -0.1101,  ..., -0.0089, -0.0423, -0.0658]])), ('fc3.bias', tensor([-0.0987, -0.1873,  0.1721,  0.0448,  0.2425, -0.0870,  0.0602, -0.1156,
         0.1455, -0.1913]))])
local updates len 1 index 12
0
new_model:  OrderedDict([('conv1.weight', tensor([[[[ 0.0076, -0.0314,  0.0439],
          [-0.0387,  0.1023,  0.0423],
          [-0.0243, -0.1437,  0.0385]],

         [[-0.2061,  0.0430,  0.0049],
          [-0.0701,  0.1806,  0.0090],
          [ 0.0749,  0.0917, -0.1213]],

         [[-0.1075,  0.1978, -0.1969],
          [-0.0394,  0.0015,  0.1286],
          [-0.0251,  0.0527, -0.0225]]],


        [[[-0.1808, -0.1742, -0.1834],
          [-0.2447, -0.2063, -0.0503],
          [ 0.2117,  0.0675, -0.0142]],

         [[ 0.0748, -0.0740, -0.0861],
          [-0.1181, -0.0838, -0.2337],
          [ 0.1963,  0.1647,  0.1330]],

         [[ 0.0852,  0.0815, -0.0354],
          [ 0.0090, -0.0103,  0.0472],
          [ 0.2223,  0.2046,  0.1848]]],


        [[[-0.0839, -0.0409, -0.0871],
          [ 0.0874, -0.0403,  0.1397],
          [ 0.0801, -0.2302,  0.0543]],

         [[ 0.1765,  0.1660, -0.0226],
          [ 0.0826, -0.1982, -0.0547],
          [ 0.1207, -0.1982,  0.2067]],

         [[-0.1309,  0.0624, -0.0196],
          [ 0.0561,  0.0091, -0.1650],
          [-0.0180, -0.1447,  0.1994]]],


        ...,


        [[[-0.0304, -0.1656,  0.0068],
          [-0.0719,  0.0658, -0.1182],
          [-0.0973,  0.0259, -0.1629]],

         [[-0.1297, -0.1325,  0.1372],
          [-0.1681,  0.2087,  0.1762],
          [-0.0272, -0.0618,  0.0354]],

         [[ 0.0599,  0.0159, -0.0021],
          [-0.0455,  0.1623,  0.1079],
          [-0.0366, -0.1751, -0.1688]]],


        [[[ 0.1146,  0.0127, -0.0117],
          [ 0.0044,  0.0514, -0.0318],
          [-0.0236, -0.0006,  0.1174]],

         [[-0.0361,  0.1168,  0.0276],
          [ 0.0990, -0.1307,  0.1224],
          [ 0.0704,  0.0582, -0.1712]],

         [[ 0.1758,  0.0503,  0.0586],
          [ 0.2125, -0.1112, -0.0891],
          [-0.1357,  0.1759,  0.0726]]],


        [[[-0.1050,  0.0758,  0.2138],
          [ 0.1057,  0.1449,  0.1237],
          [-0.1499, -0.1448,  0.0271]],

         [[ 0.0129,  0.0264, -0.2052],
          [-0.0851, -0.0398,  0.0642],
          [-0.1702, -0.2038, -0.0980]],

         [[-0.0196, -0.1048, -0.0527],
          [ 0.0699,  0.0263, -0.1341],
          [-0.0409, -0.0340, -0.1648]]]])), ('conv1.bias', tensor([ 0.0055, -0.0741, -0.0359, -0.0620,  0.0227,  0.2289, -0.0294,  0.1872,
         0.1052,  0.1769, -0.0892,  0.0108, -0.1169,  0.0556, -0.0371,  0.0500,
         0.0816, -0.1642,  0.2422, -0.0213,  0.0689,  0.0923, -0.1677, -0.2040,
        -0.1623,  0.1732,  0.0012,  0.0716, -0.0442,  0.1519, -0.1451, -0.0470,
         0.2249, -0.0305, -0.0829,  0.0330, -0.1284, -0.0676, -0.1684,  0.1606,
        -0.0994, -0.1067, -0.1230, -0.0411,  0.0355, -0.1400, -0.0095,  0.1460,
        -0.0765,  0.0723, -0.0362, -0.0618,  0.0382,  0.0189, -0.2027, -0.0344,
        -0.0275, -0.1494, -0.1542, -0.1270, -0.1492, -0.0798, -0.0172,  0.1370])), ('conv2.weight', tensor([[[[ 0.0370, -0.0133,  0.0337],
          [ 0.0070,  0.0021, -0.0240],
          [-0.0051, -0.0326,  0.0306]],

         [[-0.0327,  0.0199,  0.0066],
          [ 0.0271, -0.0175,  0.0378],
          [ 0.0083,  0.0328, -0.0355]],

         [[-0.0127, -0.0162, -0.0245],
          [-0.0067, -0.0236, -0.0211],
          [-0.0117, -0.0189,  0.0193]],

         ...,

         [[ 0.0176, -0.0394,  0.0165],
          [ 0.0106,  0.0113, -0.0380],
          [-0.0038,  0.0034,  0.0103]],

         [[ 0.0404,  0.0235, -0.0011],
          [ 0.0282,  0.0360, -0.0237],
          [ 0.0297, -0.0190,  0.0275]],

         [[-0.0303,  0.0286, -0.0179],
          [ 0.0216,  0.0297, -0.0210],
          [-0.0093,  0.0417, -0.0194]]],


        [[[ 0.0265,  0.0051,  0.0119],
          [-0.0067, -0.0167,  0.0173],
          [ 0.0090,  0.0107, -0.0369]],

         [[ 0.0374, -0.0139,  0.0309],
          [ 0.0292,  0.0279,  0.0121],
          [-0.0004, -0.0265, -0.0251]],

         [[-0.0045,  0.0099, -0.0383],
          [ 0.0403, -0.0366, -0.0180],
          [-0.0228,  0.0363,  0.0086]],

         ...,

         [[-0.0104, -0.0200, -0.0137],
          [-0.0043,  0.0183,  0.0157],
          [ 0.0331,  0.0165, -0.0248]],

         [[ 0.0381,  0.0273, -0.0151],
          [-0.0172,  0.0161, -0.0118],
          [ 0.0127, -0.0126, -0.0187]],

         [[-0.0267, -0.0376, -0.0243],
          [ 0.0192,  0.0099, -0.0059],
          [-0.0119,  0.0258,  0.0311]]],


        [[[-0.0065, -0.0220, -0.0018],
          [-0.0084, -0.0326,  0.0261],
          [-0.0305, -0.0043,  0.0021]],

         [[ 0.0048,  0.0272,  0.0248],
          [ 0.0056, -0.0069, -0.0401],
          [-0.0309, -0.0114,  0.0142]],

         [[ 0.0051, -0.0332,  0.0200],
          [-0.0001,  0.0299,  0.0176],
          [ 0.0231, -0.0014,  0.0443]],

         ...,

         [[ 0.0317, -0.0128, -0.0339],
          [-0.0294,  0.0276, -0.0204],
          [ 0.0005, -0.0316,  0.0418]],

         [[-0.0004, -0.0064, -0.0290],
          [-0.0222, -0.0306,  0.0189],
          [-0.0112,  0.0421, -0.0119]],

         [[ 0.0363, -0.0064, -0.0260],
          [-0.0508,  0.0174,  0.0251],
          [-0.0019,  0.0011,  0.0166]]],


        ...,


        [[[-0.0016, -0.0356, -0.0156],
          [ 0.0001,  0.0026,  0.0340],
          [ 0.0007,  0.0162,  0.0293]],

         [[-0.0354,  0.0281, -0.0324],
          [-0.0063,  0.0322, -0.0023],
          [-0.0267, -0.0384, -0.0209]],

         [[ 0.0347,  0.0141, -0.0289],
          [-0.0045,  0.0397, -0.0222],
          [-0.0275, -0.0025,  0.0164]],

         ...,

         [[-0.0210, -0.0209,  0.0151],
          [-0.0361, -0.0118, -0.0128],
          [-0.0117,  0.0392, -0.0249]],

         [[ 0.0284,  0.0116, -0.0046],
          [-0.0017, -0.0317, -0.0090],
          [-0.0350,  0.0388,  0.0233]],

         [[ 0.0016,  0.0208, -0.0007],
          [-0.0253, -0.0371, -0.0188],
          [ 0.0138,  0.0187,  0.0240]]],


        [[[ 0.0336, -0.0022, -0.0049],
          [ 0.0368, -0.0140,  0.0245],
          [ 0.0373,  0.0125, -0.0105]],

         [[ 0.0258,  0.0367, -0.0079],
          [-0.0159, -0.0416, -0.0040],
          [-0.0401, -0.0038,  0.0307]],

         [[ 0.0429,  0.0082, -0.0017],
          [ 0.0270,  0.0282,  0.0238],
          [ 0.0298,  0.0109,  0.0492]],

         ...,

         [[ 0.0338,  0.0420, -0.0167],
          [-0.0337,  0.0010, -0.0149],
          [ 0.0056,  0.0181,  0.0429]],

         [[ 0.0359,  0.0357, -0.0422],
          [ 0.0142, -0.0312,  0.0208],
          [-0.0246, -0.0150,  0.0241]],

         [[-0.0140, -0.0236, -0.0476],
          [ 0.0032,  0.0135, -0.0250],
          [-0.0174, -0.0425,  0.0220]]],


        [[[-0.0234,  0.0415, -0.0126],
          [ 0.0270,  0.0460,  0.0145],
          [ 0.0190, -0.0106,  0.0264]],

         [[-0.0262, -0.0457,  0.0021],
          [-0.0435,  0.0010, -0.0216],
          [-0.0453,  0.0056,  0.0058]],

         [[-0.0055,  0.0259,  0.0020],
          [ 0.0042, -0.0053,  0.0259],
          [ 0.0388,  0.0318, -0.0212]],

         ...,

         [[-0.0284, -0.0022, -0.0351],
          [-0.0145,  0.0496, -0.0314],
          [-0.0192, -0.0102, -0.0376]],

         [[ 0.0391, -0.0338,  0.0370],
          [ 0.0007, -0.0160,  0.0174],
          [-0.0094, -0.0254, -0.0143]],

         [[ 0.0402, -0.0105, -0.0248],
          [ 0.0041, -0.0290,  0.0171],
          [ 0.0087, -0.0320,  0.0248]]]])), ('conv2.bias', tensor([-0.0233,  0.0141, -0.0331,  0.0173,  0.0191,  0.0483,  0.0392, -0.0348,
         0.0119,  0.1194, -0.0218, -0.0043,  0.0685,  0.0625, -0.0242, -0.0628,
         0.0154,  0.0219,  0.0395, -0.0027,  0.0128,  0.0005,  0.0436, -0.0676,
        -0.0247, -0.0680, -0.0247,  0.0101, -0.0125, -0.0247, -0.0389, -0.0412,
         0.0155, -0.0241, -0.0257,  0.0302, -0.0202,  0.0393,  0.0560, -0.0439,
         0.0383,  0.0368,  0.0022, -0.0048,  0.0117, -0.0330, -0.0153,  0.0453,
        -0.0149, -0.0236,  0.0862, -0.0256,  0.0535, -0.0107,  0.0297, -0.0121,
         0.0538, -0.0434,  0.0162, -0.0344,  0.0103,  0.0033, -0.0125,  0.0045,
        -0.0570,  0.0805,  0.0516,  0.0065,  0.0490,  0.0452,  0.0120,  0.0928,
        -0.0680,  0.0166,  0.0087,  0.0031, -0.0723,  0.0053,  0.0052, -0.0166,
         0.0527, -0.0112, -0.0186,  0.0535, -0.0901,  0.0186,  0.0300,  0.0126,
        -0.0859,  0.0653, -0.0020,  0.0210, -0.0470, -0.0624, -0.0519, -0.0109,
        -0.0323, -0.0123, -0.0243, -0.0001, -0.0089,  0.0345, -0.0570,  0.0084,
         0.0549, -0.0539,  0.0422, -0.0116,  0.0054,  0.0068, -0.0104,  0.0066,
        -0.0538, -0.0017,  0.0228, -0.0230, -0.0031, -0.0380, -0.0198,  0.0345,
         0.0371,  0.0214, -0.0102,  0.0049, -0.0025, -0.0013,  0.0057, -0.0063])), ('conv3.weight', tensor([[[[-1.6961e-02, -1.6357e-02,  1.6911e-02],
          [-1.1408e-02, -1.5531e-02, -1.2577e-02],
          [ 8.9246e-03,  1.3858e-02, -8.0276e-03]],

         [[ 5.7174e-03,  2.0085e-02,  2.4686e-03],
          [-2.8729e-02, -2.2036e-03,  9.9440e-03],
          [ 1.6035e-02, -2.5920e-02, -1.9307e-02]],

         [[-1.2217e-02, -1.1378e-02,  1.8933e-02],
          [ 5.7269e-03, -2.1563e-02, -5.1647e-03],
          [ 2.3028e-02, -2.6739e-02,  1.7609e-03]],

         ...,

         [[-3.8105e-03,  2.9755e-02, -1.5795e-02],
          [ 5.8398e-03, -2.3453e-02,  5.1452e-03],
          [-1.2891e-02,  1.6042e-02, -6.7626e-03]],

         [[-1.0899e-02,  5.5121e-03,  2.2355e-02],
          [-1.0961e-02,  9.4580e-03,  1.8546e-02],
          [ 2.5736e-02,  1.5855e-02,  2.6345e-02]],

         [[-2.4922e-02, -2.1723e-02, -2.9559e-03],
          [-1.8658e-02,  3.7592e-03,  2.0737e-02],
          [ 6.5067e-03, -1.3292e-02,  2.8800e-02]]],


        [[[-4.4983e-03,  1.6016e-02,  2.7734e-02],
          [-1.8399e-02,  1.6992e-02,  9.0353e-03],
          [ 1.6319e-02,  3.5984e-02, -1.8277e-02]],

         [[-1.8244e-02,  4.1669e-03,  6.9351e-03],
          [-1.8690e-02, -1.0011e-02,  1.4574e-02],
          [-1.9065e-02,  1.8204e-02, -1.4736e-02]],

         [[-1.0503e-02, -2.7124e-02, -3.0403e-03],
          [-1.9943e-02,  7.7980e-03, -2.9537e-02],
          [ 1.5857e-02, -1.2809e-02, -8.5375e-03]],

         ...,

         [[ 1.3114e-03, -1.7855e-02, -2.7028e-02],
          [ 1.0290e-03, -2.0915e-02,  7.8860e-04],
          [ 2.2508e-02, -1.3018e-02, -1.2341e-02]],

         [[ 1.1079e-02, -7.8634e-04,  2.8291e-02],
          [-1.7167e-02, -3.2176e-04, -2.0989e-02],
          [-2.6875e-02, -8.7379e-03, -1.9313e-02]],

         [[ 2.7793e-02, -1.9769e-03, -2.5248e-02],
          [-1.3645e-02,  4.0468e-03, -3.1712e-02],
          [-5.3658e-02, -4.1931e-02,  1.2029e-03]]],


        [[[ 2.4420e-02, -3.0063e-03,  2.8137e-02],
          [ 6.5023e-03, -2.0406e-02,  1.7858e-02],
          [ 2.9393e-02,  2.4382e-02,  5.8127e-04]],

         [[ 1.8329e-02,  7.8764e-03,  1.7333e-02],
          [-7.7720e-03, -1.8305e-02, -2.2839e-02],
          [-1.9944e-02, -1.2715e-03, -7.4400e-03]],

         [[ 7.6046e-03, -8.8515e-03,  1.7044e-02],
          [-5.8356e-04,  1.0363e-02, -7.0635e-04],
          [ 2.5593e-02, -2.7015e-02,  1.7861e-02]],

         ...,

         [[ 2.7575e-02,  1.2408e-02,  2.7617e-02],
          [-2.6718e-02,  9.6689e-03,  1.1582e-02],
          [ 6.5214e-03, -1.0805e-02,  2.0861e-02]],

         [[-6.7168e-03, -9.3086e-04, -2.8956e-02],
          [ 7.5535e-04,  6.3836e-03, -6.1316e-03],
          [ 2.8263e-02, -6.0340e-03,  2.3584e-02]],

         [[ 9.9613e-03,  8.3046e-03,  8.7215e-03],
          [ 2.0068e-02,  1.5757e-02, -2.1362e-03],
          [ 4.2601e-03,  2.6966e-02, -2.2299e-02]]],


        ...,


        [[[-1.2770e-02,  2.8422e-02,  3.9928e-03],
          [ 4.0927e-04,  2.8509e-02, -5.2781e-03],
          [-3.7552e-02, -2.9205e-02, -1.3167e-02]],

         [[ 1.7621e-02,  2.7053e-02,  8.1150e-03],
          [-2.6509e-02,  1.0948e-02,  1.3636e-02],
          [-1.2279e-02,  2.4428e-02, -9.0491e-03]],

         [[ 3.1586e-03, -1.4878e-02, -4.9081e-03],
          [ 2.6552e-02,  1.3584e-02,  4.3449e-03],
          [-2.5406e-02,  3.2122e-02,  3.5686e-02]],

         ...,

         [[-6.8040e-03,  9.3037e-03,  7.3672e-04],
          [-1.5424e-02, -2.7236e-02, -1.7666e-02],
          [ 6.9216e-04,  3.5669e-03, -1.1030e-02]],

         [[ 2.5744e-02, -2.8938e-02, -1.6680e-02],
          [-2.2178e-02, -5.8492e-03, -2.3000e-02],
          [-2.1827e-02,  1.7293e-02, -6.8980e-03]],

         [[-2.0687e-02,  1.5728e-02,  2.8575e-02],
          [ 4.5504e-03, -1.7138e-02,  7.1502e-03],
          [ 1.9619e-02, -9.3192e-04, -1.6852e-02]]],


        [[[-1.2130e-02, -3.9462e-03,  1.0615e-02],
          [ 1.9356e-02,  1.1628e-02, -6.9822e-03],
          [ 1.1751e-03,  2.8881e-02, -2.6931e-02]],

         [[ 1.1283e-02,  1.1726e-02, -2.3914e-02],
          [-8.1245e-03, -1.2687e-02, -2.3255e-02],
          [-2.2894e-02,  1.3152e-03,  2.2825e-02]],

         [[-2.1441e-02, -2.3682e-02,  1.0283e-02],
          [ 1.3682e-02, -2.7708e-02,  1.4805e-03],
          [-2.9685e-03, -2.3716e-02,  1.5608e-03]],

         ...,

         [[-1.5614e-02, -1.2355e-02, -2.2812e-02],
          [ 2.4018e-02, -1.1078e-02,  2.1729e-02],
          [-2.6076e-02,  7.2160e-03,  3.8556e-03]],

         [[ 2.0335e-03,  2.7148e-02,  9.4541e-03],
          [ 1.6238e-02,  2.5997e-02, -2.8158e-03],
          [-2.3068e-02, -1.2780e-02, -3.0038e-04]],

         [[-2.8455e-05, -3.8465e-03,  2.7742e-02],
          [-2.1402e-02, -1.2391e-02, -2.6339e-02],
          [ 5.9544e-03,  2.0869e-02, -2.9137e-02]]],


        [[[ 1.7379e-02,  1.4364e-02, -8.2499e-03],
          [-2.1622e-02,  1.1305e-02, -2.3513e-02],
          [ 1.0945e-02, -2.4844e-02,  8.4934e-04]],

         [[-2.3005e-02,  2.8308e-03,  7.6027e-03],
          [ 1.5780e-02,  5.6854e-03, -9.0697e-03],
          [ 1.6708e-02,  9.7494e-03,  3.0207e-02]],

         [[-1.4864e-02, -2.7497e-02,  8.5683e-03],
          [ 2.0697e-02,  2.7265e-02,  1.0302e-02],
          [-1.8171e-02, -4.6414e-03, -1.4255e-02]],

         ...,

         [[-2.3994e-02, -2.7282e-02, -1.0951e-02],
          [-1.0188e-03, -1.7561e-02,  1.5051e-02],
          [ 1.1743e-03, -9.0206e-03,  1.0610e-02]],

         [[ 1.0449e-02,  1.9685e-02, -1.5304e-02],
          [-5.8725e-03, -1.9796e-02, -6.0134e-04],
          [ 2.4917e-02,  2.6810e-02,  3.8663e-03]],

         [[ 6.1377e-03,  1.7959e-02, -2.5694e-02],
          [ 1.6643e-02,  3.0467e-02, -2.1438e-02],
          [ 1.3531e-02,  2.1584e-03, -1.6223e-02]]]])), ('conv3.bias', tensor([ 0.0126,  0.0243, -0.0309, -0.0458,  0.0185,  0.0085, -0.0494, -0.0125,
        -0.0234, -0.0129, -0.0071,  0.0259, -0.0192,  0.0327, -0.0096, -0.0293,
         0.0154,  0.0069,  0.0374, -0.0013,  0.0300, -0.0273, -0.0300,  0.0136,
         0.0072, -0.0061,  0.0025, -0.0333, -0.0221,  0.0358,  0.0390, -0.0077,
        -0.0002, -0.0128, -0.0433,  0.0012, -0.0059,  0.0433, -0.0017,  0.0074,
        -0.0129, -0.0084,  0.0198, -0.0055,  0.0319,  0.0031, -0.0220,  0.0252,
        -0.0339,  0.0079,  0.0383,  0.0378,  0.0343, -0.0131, -0.0113, -0.0128,
        -0.0088,  0.0319,  0.0036, -0.0002, -0.0047, -0.0101,  0.0175, -0.0061,
        -0.0092, -0.0146, -0.0063, -0.0183, -0.0110, -0.0197,  0.0301,  0.0469,
         0.0091,  0.0354,  0.0053, -0.0283, -0.0184,  0.0038,  0.0052,  0.0069,
        -0.0202, -0.0235,  0.0531,  0.0039, -0.0138, -0.0173,  0.0028,  0.0092,
        -0.0377, -0.0276, -0.0214,  0.0397,  0.0330,  0.0447, -0.0312, -0.0152,
         0.0185,  0.0036, -0.0098,  0.0541, -0.0262,  0.0129,  0.0188, -0.0039,
         0.0120, -0.0122,  0.0124,  0.0076,  0.0146,  0.0042, -0.0052,  0.0019,
         0.0225, -0.0268,  0.0139,  0.0008, -0.0374, -0.0094, -0.0399,  0.0429,
        -0.0503,  0.0109,  0.0363, -0.0094,  0.0344, -0.0125,  0.0559, -0.0153,
         0.0433, -0.0071,  0.0330,  0.0224,  0.0071, -0.0084,  0.0262, -0.0442,
        -0.0245,  0.0010,  0.0128,  0.0201, -0.0149,  0.0280, -0.0312, -0.0403,
        -0.0091, -0.0036,  0.0256,  0.0121,  0.0132,  0.0272, -0.0355, -0.0169,
         0.0290, -0.0082, -0.0169, -0.0313,  0.0216,  0.0243, -0.0216, -0.0069,
        -0.0264,  0.0477, -0.0049, -0.0255, -0.0175, -0.0070,  0.0205,  0.0172,
         0.0452,  0.0044, -0.0306, -0.0375,  0.0201,  0.0524,  0.0282, -0.0054,
         0.0297, -0.0245,  0.0273,  0.0272,  0.0422, -0.0415, -0.0117,  0.0214,
        -0.0120, -0.0105, -0.0088,  0.0111,  0.0150,  0.0238,  0.0280, -0.0220,
         0.0007,  0.0384,  0.0176, -0.0345, -0.0231, -0.0336,  0.0268, -0.0201,
         0.0446,  0.0132,  0.0110,  0.0315, -0.0314,  0.0394, -0.0245,  0.0169,
         0.0237,  0.0143,  0.0001, -0.0235,  0.0153, -0.0067, -0.0003,  0.0121,
        -0.0079,  0.0205,  0.0110,  0.0206, -0.0309,  0.0400,  0.0324, -0.0069,
         0.0141, -0.0348, -0.0023, -0.0095,  0.0144,  0.0248, -0.0069, -0.0047,
         0.0439, -0.0021, -0.0133,  0.0041,  0.0103,  0.0315, -0.0023,  0.0240,
         0.0327,  0.0055, -0.0372, -0.0293,  0.0036, -0.0007,  0.0154,  0.0199,
         0.0405, -0.0012,  0.0241, -0.0206,  0.0093, -0.0220, -0.0040,  0.0358])), ('fc1.weight', tensor([[-0.0141,  0.0254,  0.0311,  ..., -0.0057,  0.0201,  0.0343],
        [ 0.0267,  0.0038, -0.0310,  ...,  0.0008, -0.0152,  0.0212],
        [ 0.0277,  0.0265,  0.0109,  ..., -0.0041, -0.0081, -0.0273],
        ...,
        [ 0.0279, -0.0224,  0.0059,  ..., -0.0073,  0.0169,  0.0100],
        [-0.0055, -0.0108, -0.0067,  ...,  0.0264, -0.0199, -0.0179],
        [-0.0177, -0.0111, -0.0149,  ..., -0.0270,  0.0096, -0.0164]])), ('fc1.bias', tensor([ 0.0274,  0.0098,  0.0333, -0.0235,  0.0057,  0.0288,  0.0579, -0.0281,
        -0.0079, -0.0119,  0.0249, -0.0144, -0.0460, -0.0023, -0.0430,  0.0214,
         0.0054, -0.0304,  0.0300, -0.0188, -0.0356,  0.0555,  0.0255,  0.0602,
        -0.0220, -0.0175, -0.0044,  0.0003, -0.0404,  0.0307, -0.0089,  0.0422,
         0.0053, -0.0110, -0.0058,  0.0512, -0.0310,  0.0155, -0.0404, -0.0114,
        -0.0059, -0.0223,  0.0566,  0.0500,  0.0182,  0.0016, -0.0093, -0.0130,
        -0.0089,  0.0392,  0.0204, -0.0009,  0.0027,  0.0094, -0.0122, -0.0105,
        -0.0094, -0.0064,  0.0031,  0.0015, -0.0257, -0.0036,  0.0184, -0.0262,
         0.0260, -0.0126, -0.0351, -0.0169,  0.0157,  0.0534, -0.0025,  0.0081,
        -0.0133,  0.0302,  0.0275, -0.0400,  0.0568, -0.0049,  0.0603, -0.0597,
         0.0176, -0.0181, -0.0258,  0.0576,  0.0008,  0.0476, -0.0320, -0.0394,
        -0.0136,  0.0165,  0.0348, -0.0316,  0.0149, -0.0173, -0.0183, -0.0201,
         0.0354,  0.0297, -0.0003, -0.0026,  0.0387, -0.0086, -0.0314, -0.0158,
         0.0068,  0.0326,  0.0126, -0.0017, -0.0293, -0.0361,  0.0051,  0.0313,
         0.0843,  0.0473,  0.0230,  0.0180,  0.0332, -0.0356,  0.0279,  0.0197,
         0.0084,  0.0075,  0.0347, -0.0058,  0.0325,  0.0350,  0.0368,  0.0180])), ('fc2.weight', tensor([[-0.0472,  0.0670,  0.0314,  ...,  0.0378,  0.0239,  0.0073],
        [-0.0331, -0.0656,  0.0043,  ...,  0.0028, -0.0604,  0.0576],
        [ 0.0120, -0.0285, -0.0714,  ...,  0.0838,  0.0566,  0.0754],
        ...,
        [-0.0077, -0.0006, -0.0661,  ...,  0.0870,  0.0333,  0.0713],
        [-0.0406,  0.0589, -0.0362,  ..., -0.0602,  0.0269,  0.0103],
        [ 0.0394, -0.0599,  0.0575,  ..., -0.0782,  0.0485, -0.0697]])), ('fc2.bias', tensor([ 0.0298,  0.1073,  0.0929,  0.0097, -0.0471, -0.0335,  0.0675, -0.0435,
         0.0528,  0.0936,  0.0753, -0.0624, -0.0084, -0.0154,  0.0621,  0.0841,
         0.0573,  0.1308, -0.0441,  0.1172,  0.0808,  0.0764,  0.0521,  0.0684,
        -0.0681,  0.0700, -0.0234,  0.0296,  0.0792,  0.0413,  0.0341, -0.0882,
        -0.1048, -0.0845,  0.0579, -0.0456,  0.1004,  0.0318, -0.0041, -0.0123,
         0.0469, -0.0531, -0.0825,  0.0876,  0.0091,  0.0136,  0.0143, -0.0226,
         0.1024, -0.0290, -0.0642, -0.0368, -0.0581,  0.0231,  0.0202,  0.0860,
        -0.0261,  0.0532, -0.0099,  0.0993, -0.0680,  0.0761,  0.0528,  0.0888,
        -0.0566,  0.0626,  0.1201,  0.0118, -0.0757, -0.0916,  0.0086,  0.0671,
         0.0894, -0.0303, -0.0467, -0.0404, -0.0103,  0.1048, -0.0590, -0.0016,
        -0.0385, -0.0258,  0.1344,  0.0326, -0.0354, -0.0563, -0.0170, -0.0798,
        -0.0399, -0.0039, -0.0421, -0.0774,  0.0779, -0.0047,  0.0219, -0.0863,
        -0.0843, -0.0028,  0.0862,  0.0475,  0.0426, -0.0581, -0.0422, -0.0854,
         0.0153,  0.0159, -0.0107, -0.0151,  0.1187,  0.0101,  0.0252, -0.0570,
         0.0199, -0.0543,  0.0675, -0.0601,  0.0446,  0.0059,  0.0373,  0.0601,
         0.0614,  0.0658, -0.0570, -0.0852,  0.0219,  0.0504, -0.0180, -0.0428,
        -0.0080,  0.0143,  0.0181,  0.0765, -0.0236,  0.1270, -0.0355,  0.0320,
         0.0744, -0.0270, -0.0025, -0.0455, -0.0251, -0.0699,  0.0671, -0.0114,
         0.0475, -0.0622, -0.0161,  0.0652, -0.0060, -0.0849, -0.0449, -0.0671,
         0.0633,  0.0634, -0.0261,  0.1236,  0.0363,  0.0664, -0.1060, -0.0879,
         0.0253,  0.0299, -0.0623,  0.0794, -0.0826, -0.0681, -0.0748,  0.0260,
         0.1005, -0.0374, -0.0748, -0.0224,  0.0860, -0.0289, -0.0804, -0.0339,
         0.0834, -0.0191, -0.0619,  0.0825,  0.0784, -0.0859, -0.0586, -0.0620,
         0.1249, -0.0167, -0.0309,  0.0622, -0.0129,  0.1034,  0.0558, -0.0122,
         0.1089,  0.0340, -0.0054, -0.0792,  0.0575,  0.0093, -0.0309, -0.0429,
        -0.0319, -0.0759, -0.0571, -0.0298,  0.0572, -0.0819, -0.0548,  0.1118,
         0.0142,  0.0083, -0.0462,  0.0982, -0.0420,  0.0779, -0.0317, -0.0117,
         0.0517, -0.0464, -0.0244, -0.0472, -0.0990, -0.0131,  0.0522,  0.1026,
        -0.0131, -0.0877, -0.0647,  0.0520,  0.0691,  0.0619, -0.0800, -0.0462,
         0.0040, -0.0658, -0.0741,  0.0426,  0.0435,  0.0624, -0.0871,  0.1118,
        -0.0893,  0.0580,  0.0990,  0.0070, -0.0712,  0.0814, -0.0886,  0.0262,
         0.0391, -0.0860,  0.1171, -0.0480,  0.0624, -0.0600, -0.0116,  0.1087])), ('fc3.weight', tensor([[-0.1166, -0.0849,  0.0806,  ..., -0.0488,  0.0513, -0.0979],
        [ 0.0984, -0.1626, -0.1165,  ...,  0.0523, -0.0256,  0.0056],
        [ 0.0287,  0.0570,  0.0979,  ..., -0.0466,  0.0047, -0.0258],
        ...,
        [-0.0924,  0.0875,  0.0533,  ..., -0.0565,  0.0408, -0.0288],
        [-0.0138, -0.0213,  0.0039,  ..., -0.0287,  0.0008, -0.0296],
        [ 0.0335, -0.0966, -0.0954,  ..., -0.0089, -0.0423, -0.0705]])), ('fc3.bias', tensor([-0.1318, -0.1703,  0.1732,  0.0156,  0.2603, -0.0597,  0.0659, -0.1211,
         0.1469, -0.1939]))])
local updates len 2 index 12
################## TrainingTest on node0 ######################
t   0: train_loss = , norm = 4.272, test_acc = 51.000
Local training time: 00:03:40.35
In Round Loop: selected_idxs:  [0, 1]
0
KeyboardInterrupt
